E	cs_tot	cs_el	cs_inel	cs_h_tot	cs_h_el	cs_h_inel	cs_c_tot	cs_c_el	cs_c_inel
1100000	64.3953638	64.39482120000001	0.0005425999999886244	4.14906158	4.14902757	3.4009999999362606e-05	2.544972	2.5449495	2.250000000003638e-05
1200000	61.242271	61.2417329	0.0005380999999999858	3.9458482	3.94581419	3.4009999999806695e-05	2.420421	2.4203989999999997	2.200000000041058e-05
1300000	58.2685325	58.2679945	0.0005379999999988172	3.75188435	3.75185035	3.400000000031156e-05	2.3055209999999997	2.305499	2.19999999995224e-05
1400000	55.5051996	55.504657099999996	0.0005425000000016666	3.57104151	3.57100751	3.400000000031156e-05	2.1994205	2.199398	2.250000000003638e-05
1600000	52.0920676	52.0915296	0.0005379999999988172	3.39947011	3.39943611	3.400000000031156e-05	2.0108185	2.0107965	2.199999999996649e-05
1700000	49.47823029999999	49.4776893	0.0005409999999912429	3.22751683	3.22748283	3.399999999986747e-05	1.9114513333333332	1.911429	2.2333333333124372e-05
1900000	46.8056231	46.8050851	0.0005379999999988172	3.07650701	3.07647301	3.399999999986747e-05	1.7822836666666666	1.7822616666666669	2.1999999999744446e-05
2000000	44.6909209	44.6903784	0.0005425000000016666	2.92445134	2.92441734	3.399999999986747e-05	1.7162675	1.716245	2.250000000003638e-05
2200000	43.56620237142857	43.56565497142857	0.0005473999999949797	2.76572103	2.76568609	3.4939999999927807e-05	1.7676657857142855	1.767643785714286	2.19999999995224e-05
2400000	40.5482716	40.5477236	0.0005480000000019913	2.6250391	2.6250041	3.500000000000725e-05	1.5886534	1.5886314	2.2000000000188535e-05
2700000	40.0200038	40.0194558	0.0005479999999948859	2.49573266	2.49569766	3.500000000000725e-05	1.6736307999999998	1.6736088000000002	2.19999999995224e-05
2900000	44.38701685294118	44.386466252941176	0.0005506000000039535	2.36436035	2.36432509	3.526000000020346e-05	2.3048237058823533	2.3048017058823533	2.199999999996649e-05
3300000	41.033556	41.032998	0.00055799999999806	2.19032802	2.19029202	3.6000000000147026e-05	2.1255862	2.1255642000000003	2.19999999995224e-05
3600000	44.47053759999999	44.469979499999994	0.0005580999999992287	2.07341986	2.07338385	3.601000000008625e-05	2.6373709999999995	2.637349	2.19999999995224e-05
3900000	39.6507089	39.6501509	0.00055799999999806	1.96202909	1.96199309	3.599999999992498e-05	2.225602	2.22558	2.199999999996649e-05
4300000	37.7345673	37.7340093	0.0005580000000051655	1.81459863	1.81456263	3.6000000000147026e-05	2.1765090000000002	2.1764869999999994	2.200000000085467e-05
4700000	30.381676	30.381118	0.00055799999999806	1.71526102	1.71522502	3.599999999992498e-05	1.4698961999999998	1.4698742	2.1999999999744446e-05
5300000	25.698546200000003	24.858513199999997	0.8400330000000054	1.58859152	1.58855552	3.599999999992498e-05	1.0902923333333334	0.9969953333333331	0.0932970000000003
5700000	24.7999274	23.59737035	1.202557050000003	1.50440129	1.50436529	3.599999999992498e-05	1.0839905	0.9504130500000001	0.13357745
6200000	24.700520271428573	22.46205444285714	2.2384658285714316	1.40437887	1.40434286	3.6009999999864206e-05	1.1840812857142857	0.9354028714285713	0.24867841428571447
6700000	20.70623127142857	18.982453785714284	1.7237774857142867	1.32823096	1.32819596	3.500000000000725e-05	0.8248801857142859	0.6333882428571428	0.1914919428571431
7300000	21.07580355	19.04008745	2.0357160999999984	1.2384099	1.23837488	3.50199999998857e-05	0.96574495	0.7395931833333332	0.2261517666666668
7800000	31.821370299999998	27.8953192	3.9260510999999987	1.17299533	1.17296077	3.45600000000168e-05	2.2323796666666667	1.7961901666666666	0.4361895
8400000	21.7535678	18.4432908	3.3102769999999992	1.09706708	1.09703307	3.401000000002874e-05	1.1980996666666666	0.8303289	0.3677707666666665
9000000	20.3168971	16.0790727	4.237824399999997	1.03529071	1.03525764	3.30699999999684e-05	1.1071099999999998	0.6362773666666667	0.47083263333333314
9700000	20.77082361	15.883974890000001	4.88684872	0.974603361	0.974570459	3.290200000005683e-05	1.2249766666666666	0.6820300333333335	0.5429466333333332
10100000	19.808173540000002	15.24119384	4.566979700000003	0.943032454	0.942999854	3.2600000000049256e-05	1.1530943333333334	0.6456883666666666	0.5074059666666668
10200000	19.39185525	15.10540083	4.286454419999998	0.932714625	0.932682123	3.250200000004533e-05	1.118301	0.6420644	0.4762366
10300000	19.22563952	14.91965263	4.305986890000002	0.921050252	0.921017863	3.238900000002154e-05	1.112793	0.634386	0.4784069999999999
10400000	19.29631123	14.86087995	4.435431280000001	0.917448373	0.91741602	3.235300000004049e-05	1.1246475	0.63185775	0.49278975
10500000	19.519600920000002	15.02533781	4.494263110000002	0.905974917	0.905942681	3.2236000000018805e-05	1.16220575	0.662879	0.49932675000000004
10600000	19.889121799999998	15.306571119999997	4.582550680000001	0.902432	0.9023998	3.2200000000037754e-05	1.2072002	0.69806368	0.50913652
10700000	20.41907611	15.57348359	4.8455925199999985	0.893014861	0.892982759	3.2102000000033826e-05	1.2765475	0.738184	0.5383635
10800000	20.654296799999997	15.742571219999999	4.911725579999999	0.88183788	0.881805897	3.1982999999957684e-05	1.315102	0.76939025	0.5457117499999999
10900000	21.19968198	16.33189965	4.867782330000001	0.879073098	0.879041145	3.1953000000028986e-05	1.3787723333333333	0.8379431333333334	0.5408291999999999
11000000	21.42157861	16.60420156	4.817377050000001	0.868070611	0.868038781	3.183000000006597e-05	1.4156525	0.8804237500000001	0.5352287499999999
11100000	21.251489749999998	16.413158525	4.8383312249999975	0.865349	0.8653172	3.180000000002625e-05	1.39977775	0.862220725	0.5375570249999999
11200000	21.153105869999997	16.4891062	4.663999669999999	0.856718487	0.85668676	3.172699999998141e-05	1.3984356666666666	0.8802487333333332	0.5181869333333334
11300000	20.94016309	16.33981265	4.60035044	0.845988109	0.845956475	3.163399999994709e-05	1.386698	0.8755831	0.5111149
11400000	20.88812949	16.29650563	4.591623860000002	0.843933849	0.843902233	3.161600000001208e-05	1.383199	0.8730537	0.5101453
11500000	20.694235980000002	16.188473090000002	4.50576289	0.833363598	0.833332079	3.151900000009089e-05	1.3734	0.8727947	0.5006052999999999
11600000	20.4701905	16.03459945	4.435591049999999	0.83134	0.8313085	3.1499999999962114e-05	1.3507545	0.85794605	0.49280845000000006
11800000	20.278073640000002	15.77663532	4.501438320000002	0.815535264	0.815503962	3.130200000001082e-05	1.3469690000000003	0.8468439666666666	0.5001250333333337
12000000	20.80521593	16.20227904	4.602936889999999	0.805365143	0.805333974	3.116899999999756e-05	1.4168405000000002	0.9054377	0.5114028000000002
12100000	20.983005750000004	16.17444115	4.808564600000004	0.800031	0.7999999	3.1100000000061634e-05	1.44252175	0.90827135	0.5342504
12200000	20.67077642	15.91884198	4.751934439999999	0.789620792	0.789589863	3.092900000001286e-05	1.4193965	0.89143815	0.5279583499999999
12300000	20.18938054	15.615945229999998	4.573435310000001	0.784815304	0.784784453	3.085099999999841e-05	1.3712475	0.8631222999999999	0.5081252
12500000	19.67100387	15.298756280000001	4.372247589999999	0.774603087	0.774572408	3.067899999997792e-05	1.324997	0.8392258	0.48577119999999996
12600000	19.760891	15.4685618	4.292329200000001	0.769889	0.7698584	3.0599999999991745e-05	1.3402223333333332	0.8633308666666667	0.4768914666666665
12800000	19.921306639999997	15.608265920000001	4.3130407199999965	0.755815364	0.755784962	3.0402000000040452e-05	1.3736836666666665	0.8944907	0.47919296666666655
13000000	20.17428304	15.84343561	4.330847429999999	0.745972654	0.745942396	3.0258000000005225e-05	1.4127285	0.93155685	0.48117165000000006
13100000	20.174823	15.866359899999999	4.308463100000001	0.741999	0.7419688	3.0199999999980243e-05	1.4172036666666668	0.9385191	0.4786845666666667
13200000	20.070249190000002	15.74534981	4.3248993800000015	0.732329269	0.732299141	3.0127999999907118e-05	1.4163285	0.9358176	0.4805109000000001
13300000	19.89995176	15.56639508	4.333556680000001	0.728942626	0.728912523	3.0103000000059055e-05	1.4011695	0.91969665	0.48147284999999995
13600000	19.741684	15.33657034	4.40511366	0.716116	0.716086	2.999999999997449e-05	1.3978359999999999	0.9084122600000001	0.4894237399999998
13700000	19.54142654	15.12779909	4.41362745	0.706777754	0.706747829	2.9924999999986213e-05	1.385961	0.8955912	0.49036979999999997
13800000	19.427254939999997	14.991501509999999	4.435753429999998	0.703969994	0.703940091	2.9903000000053304e-05	1.3763949999999998	0.8835667333333334	0.49282826666666646
14000000	18.92288734	14.519717100000001	4.403170239999998	0.694790134	0.69476031	2.9823999999956108e-05	1.330554	0.841346	0.489208
14100000	18.699545	14.318704449999998	4.380840550000002	0.69203	0.6920002	2.9800000000079763e-05	1.308805	0.82207805	0.48672695
14200000	18.770484030000002	14.29971436	4.470769670000003	0.682612953	0.682583311	2.9641999999996393e-05	1.3271505000000001	0.83043125	0.49671925000000017
14300000	18.81041042	14.33722691	4.47318351	0.680215142	0.680185541	2.960100000004573e-05	1.334251	0.8372635	0.4969875
14500000	18.52616569	14.18946698	4.3366987099999985	0.670958869	0.670929428	2.9441000000018924e-05	1.312953	0.8311303000000001	0.48182269999999994
14600000	18.662405500000002	14.3500054	4.312400100000001	0.668602	0.6685726	2.940000000006826e-05	1.3307095000000002	0.8515866	0.47912290000000024
14800000	18.996810744999998	14.66829976	4.328510984999998	0.6585347245	0.658505506	2.921849999992787e-05	1.3790515	0.8981383000000001	0.48091320000000004
15000000	19.07341745	14.77231735	4.301100100000001	0.648617645	0.64858861	2.903499999995507e-05	1.3985823333333334	0.9207145833333333	0.47786775000000004
15100000	19.1522664	14.817669639999998	4.33459676	0.646722	0.646693	2.9000000000056758e-05	1.4094495999999999	0.9278599599999999	0.48158963999999993
15300000	19.27340875	14.99565347	4.277755280000001	0.6371553249999999	0.6371265095	2.8815499999890193e-05	1.4335395	0.958265375	0.475274125
15500000	19.369147310000002	15.15134896	4.2177983500000025	0.627729281	0.627700651	2.8629999999973954e-05	1.4546505	0.98603805	0.46861245000000007
15600000	19.406505000000003	15.18448955	4.2220154500000024	0.626241	0.6262124	2.8600000000045256e-05	1.460455	0.9913739500000001	0.46908105
15800000	19.488208845000003	15.227675245	4.260533600000002	0.6171322845	0.6171038245	2.8460000000007923e-05	1.479654	1.006293	0.4733609999999999
16000000	19.67452232	15.33701314	4.337509180000001	0.608155532	0.608127214	2.8318000000027155e-05	1.5103296666666666	1.0284156666666666	0.48191399999999995
16100000	19.630865	15.277915	4.35295	0.607028	0.6069997	2.8299999999981118e-05	1.5067316666666668	1.023102	0.48362966666666685
16300000	19.15040433	14.83387173	4.3165326	0.598101033	0.5980729229999999	2.8110000000025614e-05	1.463266	0.9836825	0.47958349999999994
16500000	18.83657154	14.46666726	4.369904280000002	0.589305054	0.589277136	2.7918000000015653e-05	1.438169	0.9526551	0.48551390000000005
16600000	18.746438	14.400999500000001	4.3454385	0.588476	0.5884481	2.7899999999969616e-05	1.4290753333333335	0.9462798333333334	0.48279550000000004
17000000	18.276776560000002	13.7845061	4.492270460000002	0.571554856	0.57152744	2.7416000000002327e-05	1.395692	0.8965813	0.4991106999999999
17100000	18.323357	13.7879902	4.535366800000002	0.571019	0.5709916	2.740000000001075e-05	1.401463	0.8975638	0.5038991999999999
17300000	18.166693025	13.466909245	4.699783780000001	0.5628707525000001	0.5628433495	2.7403000000036926e-05	1.3931095	0.8709417500000001	0.5221677499999999
17500000	18.160726439999998	13.42317853	4.737547909999998	0.554838744	0.554811343	2.7400999999982467e-05	1.401371	0.8750072333333333	0.5263637666666666
17600000	18.219102499999998	13.4490751	4.770027399999998	0.554564	0.5545366	2.7399999999899727e-05	1.4081625	0.8781899	0.5299726
18000000	18.288849170000002	13.55631811	4.732531060000003	0.539068817	0.539041516	2.730099999992408e-05	1.433129	0.90732255	0.5258064500000001
18100000	18.417467000000002	13.7013239	4.716143100000002	0.539027	0.5389997	2.7300000000063385e-05	1.4474663333333335	0.9234807666666667	0.5239855666666668
18300000	18.50413702	13.67245733	4.831679690000001	0.531250402	0.531223403	2.6998999999916506e-05	1.465737	0.9289137	0.5368233000000001
18600000	18.493499	13.6390541	4.854444900000001	0.523586	0.5235593	2.670000000004613e-05	1.473071	0.9337179	0.5393531
18800000	18.54742451	13.73766712	4.80975739	0.516231851	0.516205402	2.644900000003947e-05	1.487234	0.9528459	0.5343880999999999
19100000	18.479902000000003	13.830123675000001	4.6497783250000015	0.508981	0.5089548	2.6199999999976242e-05	1.487788	0.971175075	0.5166129250000001
19600000	18.4397205	13.784577825	4.6551426750000005	0.495147	0.4951209	2.6100000000028878e-05	1.4986944999999998	0.981485425	0.5172090749999998
19800000	18.42361151	13.75681139	4.666800120000001	0.488542451	0.488516399	2.6051999999998632e-05	1.504243	0.9857386	0.5185044
20100000	18.364259999999998	13.945005	4.419254999999998	0.480126	0.4801005	2.5500000000011624e-05	1.507	1.016	0.4909999999999999
20300000	18.17053002	13.754488989999999	4.416041030000002	0.473668902	0.473643499	2.5402999999979414e-05	1.492649	1.002006	0.49064299999999994
21100000	17.38214	12.980889	4.401251	0.454814	0.4547889	2.5100000000000122e-05	1.426	0.937	0.4889999999999999
22100000	16.95844	12.584192999999999	4.374247	0.433144	0.4331193	2.469999999998862e-05	1.403	0.917	0.486
23100000	16.781039999999997	12.442796000000001	4.338243999999996	0.414504	0.4144796	2.4399999999979993e-05	1.404	0.922	0.4819999999999999
24100000	16.6866	12.402359	4.284240999999998	0.39696	0.3969359	2.4099999999971367e-05	1.413	0.937	0.476
24300000	16.59853975	12.334521589999998	4.264018160000003	0.392755675	0.392731649	2.4026000000010317e-05	1.407887	0.9341339	0.47375310000000015
25100000	16.27808	12.065842	4.212237999999999	0.380408	0.3803842	2.380000000001825e-05	1.386	0.918	0.46799999999999986
26100000	16.001933	11.859168100000002	4.1427648999999995	0.364802	0.3647785	2.3500000000009624e-05	1.372657	0.9123759	0.4602811
27100000	15.708363499999999	11.632981899999999	4.0753816	0.350093	0.3500698	2.3200000000000998e-05	1.3563815	0.9035871	0.45279439999999993
27400000	15.6021147	11.54376854	4.058346159999999	0.34471197	0.344688884	2.308600000000549e-05	1.350555	0.8996533	0.45090169999999996
28100000	15.383811999999999	11.3665437	4.0172683	0.336235	0.3362121	2.289999999999237e-05	1.335718	0.8893803	0.44633769999999995
28500000	15.22942978	11.23888396	3.9905458199999995	0.329642878	0.329620126	2.275199999995925e-05	1.325889	0.8825203	0.44336870000000006
29100000	15.067952	11.1065866	3.9613654	0.32318	0.3231574	2.2600000000039255e-05	1.315128	0.8750014	0.44012660000000003
30100000	14.763819999999999	10.857597	3.906222999999999	0.310882	0.3108597	2.2299999999975118e-05	1.295	0.861	0.43399999999999994
32100000	14.194835000000001	10.395670299999999	3.799164700000002	0.288368	0.2883463	2.1700000000013375e-05	1.256795	0.8346897	0.4221053000000001
34100000	13.673607	9.973108100000001	3.7004988999999995	0.268314	0.2682929	2.1099999999996122e-05	1.221163	0.8100199	0.4111431
36100000	13.180401	9.5706568	3.6097441999999997	0.250344	0.2503234	2.0600000000037255e-05	1.186329	0.7852692	0.40105979999999997
38100000	12.679094	9.153520100000001	3.5255738999999977	0.234101	0.2340809	2.0099999999995122e-05	1.148676	0.7569679	0.3917081
40100000	12.194	8.746803	3.447197000000001	0.2195	0.2194803	1.9700000000011375e-05	1.111	0.728	0.383
42100000	11.740403	8.3689423	3.3714607	0.206435	0.2064157	1.9299999999999873e-05	1.075117	0.7005317	0.3745853000000001
44100000	11.315126999999999	8.0185125	3.2966144999999987	0.194763	0.1947441	1.889999999998837e-05	1.040833	0.6745635	0.3662694999999999
46100000	10.915090000000001	7.691282300000001	3.2238077	0.184336	0.1843175	1.8500000000004624e-05	1.00797	0.6497897	0.3581803
48100000	10.5376098	7.3837855	3.1538243	0.175008	0.1749898	1.8199999999995997e-05	0.9763922	0.6259875	0.3504047
50100000	10.180349999999999	7.093171999999999	3.0871779999999998	0.166635	0.1666172	1.780000000001225e-05	0.946	0.603	0.34299999999999997
52100000	9.8416946	6.8196661	3.0220285000000002	0.159068	0.1590505	1.7499999999975868e-05	0.9167794	0.5810179	0.33576150000000005
54100000	9.5206284	6.5635253	2.9571030999999994	0.152163	0.1521458	1.7199999999994997e-05	0.8887776	0.5602297	0.3285478999999999
56100000	9.2156598	6.322286	2.893373799999999	0.145773	0.1457561	1.6900000000014126e-05	0.8619922	0.540525	0.32146719999999995
58100000	8.925572	6.094015	2.831557000000001	0.13979	0.1397734	1.66000000000055e-05	0.836408	0.521809	0.3145990000000001
60100000	8.649840000000001	5.877676999999999	2.7721630000000017	0.134184	0.1341677	1.6299999999996873e-05	0.812	0.504	0.30800000000000005
62100000	8.3873191	5.6731352	2.714183899999999	0.128938	0.1289219	1.609999999999112e-05	0.7886599	0.4871018	0.3015581
64100000	8.1366117	5.480252199999999	2.6563595000000007	0.124035	0.1240192	1.580000000001025e-05	0.7662513	0.4711178	0.2951335
66100000	7.8969428	5.2982230999999995	2.5987197	0.119456	0.1194404	1.56000000000045e-05	0.7447092	0.4559799	0.28872929999999997
68100000	7.6676322	5.12633	2.5413021999999996	0.115185	0.1151696	1.5399999999998748e-05	0.7239758	0.441626	0.28234979999999993
70100000	7.448029999999999	4.963879	2.484150999999999	0.111203	0.1111879	1.5099999999990121e-05	0.704	0.428	0.27599999999999997
72100000	7.234315	4.8092159	2.4250990999999997	0.107494	0.1074791	1.4900000000012126e-05	0.684375	0.4149361	0.2694389
74100000	7.0256554	4.6614253	2.3642300999999994	0.104038	0.1040233	1.4700000000006375e-05	0.6650306	0.4023547	0.2626759
76100000	6.825285099999999	4.5208818	2.3044032999999997	0.100819	0.1008045	1.4500000000000624e-05	0.6463439	0.3903152	0.2560287
78100000	6.635577100000001	4.3877576	2.247819500000001	0.0978196	0.09780527	1.4330000000006837e-05	0.6285979	0.3788561	0.24974180000000007
80100000	6.458211	4.2620695	2.1961415000000004	0.0950211	0.09500695	1.4149999999990559e-05	0.612	0.368	0.244
82100000	6.290760499999999	4.1420300999999995	2.1487304	0.0924065	0.09239253	1.3970000000002036e-05	0.5962995	0.3575672	0.2387323
84100000	6.130287300000001	4.02525	2.105037300000001	0.089958	0.0899442	1.3799999999994372e-05	0.5811897	0.347312	0.23387770000000002
86100000	5.9772012	3.9109213	2.0662798999999996	0.0876579	0.08764426	1.3639999999995323e-05	0.5667358	0.3371643	0.22957150000000004
88100000	5.8318024	3.7984038	2.0333986	0.0854887	0.08547522	1.3479999999996273e-05	0.5529906	0.3270724	0.2259182
90100000	5.694327	3.6871937000000004	2.0071333	0.0834327	0.08341937	1.332999999999196e-05	0.54	0.317	0.22300000000000003
92100000	5.564312	3.5725801	1.9917319	0.0814724	0.08145922	1.3180000000001524e-05	0.527732	0.3064431	0.22128889999999996
94100000	5.441050799999999	3.4531533	1.9878974999999994	0.0795906	0.07957755	1.3050000000000561e-05	0.5161272	0.2952642	0.22086300000000003
96100000	5.324436700000001	3.3329388	1.9914979000000006	0.0777877	0.07777479	1.2910000000004862e-05	0.5051733	0.2839101	0.22126320000000005
98100000	5.214090499999999	3.2151265999999996	1.9989638999999997	0.0760661	0.07605332	1.27800000000039e-05	0.4948255	0.2727326	0.22209289999999998
